1,12.066284548772277,342.28314227438614
2,395.1256216363818,761.9975134544727
2,215.60256870470113,401.48534732789983
2,602.6767263990223,347.03017919706684
2,772.6679216963898,652.8867971726837
1,519.6446173872604,349.3553826127396
1,158.96961562198,170.52025625201333
1,702.3386214118557,729.9841357644328
2,19.41615910681218,185.4580795534061
2,742.2903687135208,347.7096312864792
2,125.79704879441738,619.2161747990696
1,67.28314227438614,456.9337154512277
1,183,135
2,461.1375071844597,644.5312559870498
1,717,670
1,209,318
2,646.5433759869862,17.151815954452005
2,776.8565897341022,462.5
1,660,258
2,150.12562163638182,670.0024865455273
2,202.57326336050082,228.57326336050082
1,689.96961562198,465.5202562520133
2,633.1773938683671,25.483909197449425
2,536.151815954452,224.5433759869863
2,99.60256870470114,135.48534732789983
2,316.5,13.402237023307453
2,211.3320783036102,690.1132028273163
2,69.45662401301371,618.848184045548
2,104.12562163638181,443.99751345447277
1,706,624
1,38.030384378019995,318.4797437479867
2,80.01318613432822,57.06593067164113
1,107,213
2,596.9211087826322,664.2763859782903
2,372.151815954452,260.5433759869863
1,556,603
1,501.01586423556716,597.3386214118557
2,179.20295120558262,280.78382520093044
2,554.5433759869862,355.151815954452
1,636,568
2,765.8624928155403,327.46874401295025
2,587.8624928155403,358.46874401295025
2,100.88679717268366,39.332078303610196
2,59.541920446593906,103.41615910681219
2,46.48534732789984,104.60256870470114
2,317.2971907643945,437.9929769109862
1,731.5,615.9671151042036
2,596.4161591068122,513.458079553406
2,620.8079208673709,281.5
2,233.6679216963898,359.88679717268366
2,56.48534732789984,418.3974312952989
2,416.27079603976284,467.03480924055333
2,185.96982080293319,392.6767263990223
2,329.56558586510016,128.86882826979974
2,659.0053251197616,629.2473374401192
2,609.1336490061948,323.86635099380516
2,587.541920446594,633.4161591068122
2,137.6679216963898,257.11320282731634
2,427.48534732789983,216.60256870470113
2,53.151815954452005,123.45662401301371
2,248.27638597829028,790.9211087826322
2,144.0,183.41458038259753
2,208.5433759869863,267.151815954452
2,505.98681386567176,219.93406932835887
2,497.82260613163294,366.4839091974494
2,651.8624928155403,58.531255987049754
1,383,188
1,307,611
1,182,271
2,504.56558586510016,523.8688282697997
2,482.2903687135208,460.2903687135208
1,680,396
2,295.88679717268366,580.3320783036102
2,138.67672639902227,45.03017919706683
2,795.6025687047012,548.4853473278998
2,264.7096312864792,430.2903687135208
1,509,445
1,9.47974374798667,373.03038437802
1,141,421
2,160.848184045548,254.5433759869863
2,21.5,523.9828567724844
1,329.5202562520133,111.96961562198001
1,630,555
2,688.0205645350201,315.0616936050604
2,652.4022370233074,764.5
2,744.0616936050603,293.9794354649799
1,644,525
2,598.2903687135208,503.7096312864792
2,281.5,32.807920867370825
2,205.93830639493964,775.0205645350201
2,24.88679717268366,82.3320783036102
2,141.48534732789983,768.6025687047012
1,294,723
1,748,684
1,123,636
2,744.5433759869862,443.848184045548
2,789.9868138656718,479.9340693283589
2,337.5,459.40223702330746
1,391.3553826127396,284.6446173872604
2,728.8226061316329,52.51609080255058
2,633.0301791970668,182.67672639902227
2,683.2029512055826,771.7838252009304
2,132.72361402170972,439.92110878263225
1,188,786
2,319.82260613163294,238.48390919744944
2,686.9651907594466,415.27079603976284
1,193.12856586650372,631.0
2,660.7028092356055,471.9929769109862
1,3,523
2,592.1920791326291,401.5
2,365.7096312864792,279.7096312864792
1,371,340
2,477.43441413489984,199.86882826979974
2,475.039580354403,71.05937053160449
1,519.2828045430824,541.2828045430824
1,253,429
2,789.0301791970668,26.323273600977725
2,237.96982080293319,705.3232736009777
1,311,540
2,207.4580795534061,544.4161591068122
1,188,408
2,67.97943546497989,717.9383063949397
2,304.7970487944174,404.78382520093044
2,492.0659306716411,652.0131861343282
2,330.2903687135208,16.290368713520827
2,80.27638597829028,712.9211087826322
2,214.56558586510013,334.13117173020026
1,140.6613785881443,50.015864235567165
1,442,131
2,458.72361402170975,171.07889121736778
2,310.0659306716411,416.01318613432824
2,450.960419645597,612.9406294683955
2,606.7096312864792,238.70963128647918
1,406,682
2,576.8743783636182,213.00248654552723
1,489,161
1,477,592
2,554.4566240130138,11.151815954452005
1,156,614
2,544.9532560113203,268.9532560113202
1,59,4
1,703,486
2,520.3320783036102,754.1132028273163
1,700.2935188857894,272.5
2,329.99751345447277,231.87437836361818
1,776,246
1,348.71685772561386,75.06628454877227
1,483,503
1,721,652
2,664.0616936050603,223.97943546497987
2,164.79704879441738,233.21617479906956
1,81,368
2,624.2903687135208,705.2903687135208
2,579.6767263990223,594.0301791970668
1,750.3553826127396,617.6446173872604
2,771.8688282697997,197.43441413489987
1,165,42
2,243.96982080293319,370.6767263990223
2,96.3320783036102,791.8867971726837
2,350.0593705316045,253.960419645597
2,779.0053251197616,731.7526625598808
2,338.8624928155403,517.4687440129502
2,28.868828269799735,328.56558586510016
2,742.0070230890138,91.29719076439449
1,223,681
1,403.9671151042036,517.5
1,187,480
2,121.48534732789983,273.6025687047011
2,421.2903687135208,695.7096312864792
2,423.7096312864792,481.7096312864792
2,417.11320282731634,346.6679216963898
1,793,538
1,7.066284548772278,72.28314227438614
1,319,249
1,656,13
2,204.11320282731634,29.332078303610196
2,50.60256870470114,792.5146526721002
1,78,498
1,275,198
1,12,174
2,554.3232736009777,29.96982080293317
1,536.0,98.12856586650373
2,83.92110878263222,559.7236140217097
2,439.5,396.19207913262915
1,423,0
2,758.8565897341022,627.5
2,86.5419204465939,630.4161591068122
2,672.4853473278998,273.6025687047011
1,606,18
2,113.6679216963898,593.1132028273163
2,775.9211087826322,400.27638597829025
2,235.13117173020026,636.4344141348998
1,32,149
2,533.4145803825975,64.0
2,42.95325601132021,76.0467439886798
2,358.9794354649799,687.9383063949397
2,146.99751345447277,366.8743783636182
2,190.848184045548,564.5433759869862
1,670,790
2,253.99751345447277,497.1256216363818
2,40.86635099380517,577.8663509938052
2,142.29036871352082,342.2903687135208
2,92.13750718445971,255.46874401295025
1,549,527
1,85,327
1,775.5,310.9671151042036
2,786.4333132722418,622.5666867277582
2,688.541920446594,458.4161591068122
2,554.0024865455273,755.8743783636182
2,47.55865778601553,747.578210381354
1,461,45
2,653.0301791970668,747.3232736009777
1,541,718
1,553,82
2,566.8688282697997,581.5655858651002
1,390,634
1,404,644
1,637,161
2,231.1375071844597,545.4687440129502
2,386.21617479906956,318.2029512055826
2,656.7236140217097,780.9211087826322
1,547,57
2,31.58384089318782,98.5419204465939
1,241,256
2,261.27638597829025,169.07889121736778
2,164.51609080255056,189.82260613163294
2,748.0467439886797,607.0467439886797
2,271.6679216963898,307.11320282731634
1,625,755
2,771.4161591068122,673.458079553406
1,781,606
2,783.039580354403,179.0593705316045
2,657.9698208029332,486.3232736009777
1,409,172
1,396,651
2,416.2473374401192,719.9946748802384
2,153.06593067164113,771.0131861343282
2,536.4853473278998,155.60256870470113
1,727,297
2,139.06593067164113,753.0131861343282
2,324.9383063949396,451.0205645350201
2,509.72920396023716,534.0348092405534
2,697.8867971726837,74.6679216963898
2,559.2029512055826,524.7838252009304
2,356.21617479906956,182.79704879441738
2,609.5146526721002,169.60256870470113
2,151.93406932835887,52.01318613432822
1,197,554
2,95.12562163638181,66.00248654552725
2,111.25558251060805,129.0
2,228.03017919706681,321.6767263990223
1,342.0662845487723,448.71685772561386
1,607,587
2,709.0131861343282,477.9340693283589
2,510.0616936050604,316.9794354649799
1,388,574
1,449,699
1,395,147
1,531,238
2,206.46874401295025,478.8624928155403
2,379.5666867277583,87.43331327224173
1,550,517
2,701.9211087826322,704.7236140217097
2,734.6025687047012,69.51465267210017
2,345.43441413489984,297.86882826979974
2,440.46874401295025,270.8624928155403
2,273.96982080293316,48.32327360097772
2,491.039580354403,657.0593705316045
1,719,27
2,516.6679216963898,432.11320282731634
2,629.2903687135208,655.2903687135208
2,303.96982080293316,93.67672639902227
2,364.7028092356055,355.9929769109862
2,393.6767263990223,375.03017919706684
2,705.4566240130138,609.848184045548
1,509,491
2,203.53125598704975,600.8624928155403
2,383.99467488023845,530.7526625598808
1,0,14
2,353.3974312952989,506.51465267210017
2,97.06425792694849,359.0
2,266.43441413489984,184.13117173020026
2,196.51465267210017,346.6025687047011
2,322.9532560113202,79.0467439886798
1,541,660
2,363.99751345447277,771.8743783636182
1,523,719
2,85.86249281554029,550.4687440129502
1,579,138
1,530,674
2,333.0171432275156,623.5
2,219.29036871352082,129.29036871352082
1,3,602
2,652.4344141348998,545.1311717302003
2,591.0616936050603,778.0205645350201
2,765.2763859782903,413.07889121736775
2,272.99751345447277,409.1256216363818
2,129.5,604.1434102658978
2,227.86882826979974,84.43441413489987
2,774.8743783636182,616.0024865455273
1,717,705
2,365.78382520093044,138.20295120558262
2,709.0,280.06425792694847
1,758,447
2,771.0205645350201,42.938306394939644
2,401.0070230890138,409.7028092356055
2,745.541920446594,279.5838408931878
1,523,185
2,741.5146526721002,168.39743129529887
2,425.96519075944667,651.2707960397629
2,370.78382520093044,300.7970487944174
2,314.5838408931878,777.541920446594
2,7.5782103813540385,142.55865778601552
1,599.2828045430824,799.2828045430824
2,6.433313272241737,737.5666867277582
2,133.42673663949918,635.5732633605008
1,382.6446173872604,275.6446173872604
2,791.1256216363818,464.00248654552723
2,431.1256216363818,492.99751345447277
1,771.0662845487723,576.7168577256139
2,245.40223702330746,675.5
2,67.92110878263222,547.2763859782903
2,621.421789618646,370.55865778601554
2,126.45662401301371,423.151815954452
1,447.9671151042036,634.5
1,764,7
2,650.8688282697997,236.43441413489987
1,350,656
2,688.8688282697997,531.4344141348998
2,4.125621636381811,161.99751345447277
1,84,730
2,583.1375071844597,295.46874401295025
1,380,18
1,702.2831422743861,588.0662845487723
1,133.93371545122773,80.71685772561386
1,797,139
2,780.9929769109862,378.7028092356055
1,545,725
2,605.4333132722418,571.5666867277582
2,687.1773938683671,635.4839091974494
2,169.00532511976158,374.2473374401192
2,123.20295120558262,362.21617479906956
2,255.51465267210017,399.6025687047011
2,576.1375071844597,485.53125598704975
2,108.93406932835887,111.01318613432822
2,640.4413422139845,242.57821038135404
2,670.9406294683955,727.039580354403
2,93.848184045548,524.5433759869862
2,493.5,443.1434102658978
2,115.11320282731634,31.667921696389804
2,405.4566240130137,302.151815954452
1,60,209
2,485.03017919706684,543.6767263990223
2,696.4839091974494,15.177393868367052
2,405.03480924055333,752.7292039602371
1,335.29351888578935,386.5
2,223.43331327224175,378.4333132722417
1,796,189
1,529.7168577256139,749.0662845487723
2,419.5732633605008,409.5732633605008
1,45,726
2,655.541920446594,338.4161591068122
1,621.3386214118557,384.01586423556716
1,71.0,18.12856586650373
2,237.0171432275156,728.5
1,262,756
2,676.1375071844597,593.5312559870498
2,292.2971907643945,504.0070230890138
2,159.13364900619484,574.8663509938052
2,122.99467488023842,458.2473374401192
1,170,465
1,762.4797437479866,208.96961562198
2,170.5419204465939,564.4161591068122
2,328.0467439886798,286.9532560113202
1,554,317
1,377.71685772561386,734.0662845487723
1,496,535
1,513,559
2,464.960419645597,745.0593705316045
2,402.9532560113202,203.9532560113202
1,306,106
1,224,748
1,20,488
2,417.4161591068122,767.541920446594
1,53,353
1,749,662
2,429.03480924055333,290.27079603976284
2,758.5666867277582,609.4333132722418
1,403,442
1,444,326
2,720.7526625598808,592.0053251197616
1,590,108
1,432,795
1,415,150
2,218.93406932835887,529.9868138656718
2,107.5,495.9828567724844
2,408.11320282731634,783.3320783036102
2,677.458079553406,617.4161591068122
1,138,213
1,474,559
1,771,597
2,124.25558251060805,765.0
1,640.7171954569176,325.28280454308236
2,250.0467439886798,512.9532560113203
1,104.03038437801999,87.52025625201333
1,442,447
2,132.5419204465939,566.4161591068122
2,207.29036871352082,457.7096312864792
1,691,644
2,95.43331327224173,260.5666867277583
2,370.4580795534061,751.4161591068122
2,672.4566240130138,754.151815954452
1,544,87
1,632,404
1,112,515
2,34.034809240553344,294.27079603976284
2,372.99751345447277,718.1256216363818
2,653.5146526721002,383.6025687047011
2,685.2971907643945,619.0070230890138
1,524,513
2,549.5146526721002,228.39743129529887
1,239,512
1,421,322
2,545.9929769109862,346.7028092356055
2,639.6679216963898,385.11320282731634
2,622.9211087826322,528.2763859782903
1,711,67
2,645.4344141348998,52.131171730200265
2,127.5,151.19207913262917
1,162,528
2,626.5,128.9828567724844
2,701.4333132722418,34.43331327224173
1,291,2
2,363.5838408931878,763.458079553406
1,454,35
2,10.94062946839552,86.96041964559701
1,629,600
2,178.4580795534061,461.4161591068122
1,292,699
2,160.67672639902227,785.0301791970668
2,335.25558251060806,586.0
2,508.99751345447277,776.8743783636182
1,410,200
2,143.99297691098621,306.7028092356055
2,394.56558586510016,564.1311717302003
1,203,82
2,541.2029512055826,422.21617479906956
1,733,716
2,560.0131861343282,251.93406932835887
1,694,225
2,8.95325601132021,51.04674398867979
2,280.74441748939194,272.0
2,314.53125598704975,341.8624928155403
2,17.5,395.1434102658978
2,144.5,646.8565897341022
2,189.07889121736778,595.7236140217097
2,716.1256216363818,747.0024865455273
1,702,463
1,332.4797437479867,341.03038437802
1,396,482
2,164.13364900619484,488.86635099380516
1,256,368
2,339.11320282731634,792.6679216963898
2,628.9383063949397,736.9794354649799
1,400.71685772561386,313.0662845487723
2,438.55865778601554,42.57821038135404
2,87.57326336050082,103.57326336050082
2,474.5,543.4022370233074
2,616.7838252009304,117.20295120558262
2,735.4267366394992,653.4267366394992
1,3,23
1,200,101
1,202,384
2,162.960419645597,11.94062946839552
2,156.44134221398448,399.57821038135404
2,222.848184045548,107.45662401301371
2,567.848184045548,362.5433759869863
1,751,707
2,534.9532560113203,634.0467439886797
2,490.5838408931878,691.541920446594
2,392.0659306716411,733.0131861343282
1,711,640
2,744.5732633605008,255.42673663949918
2,244.17739386836706,568.4839091974494
2,271.039580354403,162.0593705316045
1,2,97
2,572.8663509938052,743.8663509938052
2,67.00532511976158,528.7526625598808
1,109,718
1,241,752
1,749,231
2,210.99751345447277,431.1256216363818
2,649.2763859782903,440.07889121736775
1,521,281
1,651,712
2,273.57821038135404,496.55865778601554
2,334.5433759869863,432.151815954452
1,31,589
2,749.6767263990223,202.96982080293319
2,21.667921696389804,231.11320282731634
2,442.06425792694847,15.0
2,741.5,521.8079208673709
2,642.4161591068122,428.5419204465939
1,478,250
1,625,310
1,379,4
1,310,656
2,633.7526625598808,106.00532511976158
2,687.0659306716411,141.98681386567176
1,493,194
1,627,92
1,600,534
2,726.0131861343282,431.0659306716411
1,542,250
2,683.4839091974494,746.1773938683671
2,612.0593705316045,662.960419645597
1,349,570
1,608,766
1,211,798
1,571,354
2,31.005325119761576,770.7526625598808
2,528.5586577860155,200.42178961864596
2,230.960419645597,554.9406294683955
2,231.7028092356055,673.0070230890138
2,133.1375071844597,731.5312559870498
1,799,652
1,560,719
1,409,635
1,260.01586423556716,595.3386214118557
2,607.5838408931878,405.5419204465939
2,692.2161747990696,71.79704879441738
2,725.1132028273163,270.3320783036102
1,324.3553826127396,297.6446173872604
1,114,301
1,226,574
1,642,119
1,518,268
2,514.2707960397629,655.0348092405534
2,91.42178961864596,52.55865778601553
2,401.7526625598808,134.00532511976158
2,595.5160908025506,33.17739386836705
1,175,548
1,703,649
2,285.9794354649799,401.9383063949396
2,472.848184045548,392.5433759869863
2,70.86882826979974,633.4344141348998
1,406.29351888578935,529.5
2,281.96982080293316,482.6767263990223
2,68.0,721.9357420730515
1,562,377
1,241,295
1,550,245
2,160.03017919706681,602.3232736009777
2,674.1773938683671,487.5160908025506
1,98,412
2,637.578210381354,534.5586577860155
1,75,113
1,90,241
2,334.151815954452,73.45662401301371
2,628.578210381354,720.5586577860155
2,606.2029512055826,686.7838252009304
2,651.9383063949397,595.9794354649799
1,179,242
2,272.99467488023845,738.7526625598808
1,566,82
2,784.0024865455273,311.8743783636182
2,146.848184045548,319.5433759869863
2,622.9532560113203,221.0467439886798
2,783.3974312952988,632.5146526721002
1,678.5,563.0328848957964
2,265.3232736009777,388.96982080293316
2,296.2903687135208,484.2903687135208
2,85.12562163638181,386.00248654552723
1,323,61
2,744.5160908025506,581.1773938683671
1,332,251
1,75.52025625201333,380.96961562198
2,541.5160908025506,776.8226061316329
1,393,795
2,464.51465267210017,186.39743129529887
2,75.86249281554029,454.46874401295025
1,211,164
1,751,652
2,560.1434102658978,69.5
2,320.0659306716411,391.98681386567176
1,759.2935188857894,791.5
2,383.0,775.2555825106081
2,137.51609080255056,558.8226061316329
2,714.9383063949397,320.9794354649799
1,489,172
1,613,133
2,408.5732633605008,263.5732633605008
1,275,344
2,760.9383063949397,428.9794354649799
2,266.1256216363818,515.0024865455273
2,532.151815954452,259.5433759869863
1,521,402
2,89.70963128647918,276.7096312864792
2,287.8743783636182,256.99751345447277
2,726.0659306716411,564.0131861343282
1,254,440
2,580.5838408931878,326.5419204465939
2,579.5312559870498,235.1375071844597
1,792,335
2,399.3232736009777,97.96982080293317
1,42,441
2,681.1773938683671,375.4839091974494
2,301.86882826979974,442.43441413489984
1,296,778
1,510,165
1,748,799
1,322,261
1,131,589
1,407,606
1,463,382
1,469,576
2,621.5655858651002,3.1311717302002666
2,639.2903687135208,449.2903687135208
2,580.2903687135208,705.7096312864792
2,541.7096312864792,13.709631286479175
1,483,370
1,64,442
1,346,692
2,326.4839091974494,500.17739386836706
1,201,646
1,449,285
2,705.9946748802384,582.7526625598808
1,508,281
2,709.039580354403,295.9406294683955
1,445,791
1,235,741
2,337.4161591068122,93.4580795534061
2,18.485347327899838,675.6025687047012
1,595,219
1,566,198
1,244,761
1,93,690
2,784.5655858651002,8.131171730200267
1,203,739
2,11.030179197066829,362.3232736009777
2,186.13364900619484,621.1336490061948
1,98.96961562198001,112.52025625201333
1,271,755
1,307,337
2,181.4580795534061,322.4161591068122
1,70,58
1,88,765
1,795,44
2,481.3974312952989,567.5146526721002
1,568,793
2,146.5433759869863,500.151815954452
2,232.25558251060804,119.0
1,523,297
2,526.2707960397629,97.96519075944666
1,249,623
2,592.848184045548,757.4566240130138
2,401.960419645597,620.9406294683955
2,674.7970487944174,172.21617479906956
2,118.48390919744942,785.1773938683671
1,92,22
2,256.4566240130137,344.151815954452
2,34.78382520093044,280.7970487944174
2,327.151815954452,401.4566240130137
2,8.078891217367783,552.2763859782903
2,286.848184045548,509.5433759869863
1,795,293
2,483.9532560113202,796.9532560113203
2,665.3232736009777,434.03017919706684
2,412.3974312952989,428.51465267210017
2,678.5,574.9828567724844
2,597.1311717302003,372.43441413489984
2,355.96982080293316,604.6767263990223
2,720.9532560113203,362.0467439886798
2,787.5732633605008,760.5732633605008
2,563.9651907594466,693.2707960397629
1,309,554
1,319,474
1,455,369
1,643,102
2,562.5838408931878,307.5419204465939
2,257.6679216963898,590.1132028273163
2,704.0053251197616,564.2473374401192
2,386.4839091974494,342.82260613163294
1,216,383
1,101,724
1,31,115
2,31.468744012950246,679.1375071844597
2,295.5433759869863,515.151815954452
2,711.9794354649799,403.0616936050604
2,487.7096312864792,80.29036871352082
2,45.97943546497988,422.0616936050604
2,86.13750718445971,607.4687440129502
2,298.151815954452,622.5433759869862
2,13.597762976692547,310.5
2,179.29036871352082,209.29036871352082
2,361.3232736009777,366.96982080293316
2,587.541920446594,722.4161591068122
1,544,742
1,582,416
1,293,133
2,259.1256216363818,555.9975134544727
1,86,87
2,630.8867971726837,48.332078303610196
2,460.17739386836706,625.5160908025506
1,42,138
2,30.921108782632217,225.27638597829028
1,41,380
2,356.44134221398446,268.57821038135404
1,546,165
1,594,115
1,510,618
1,372,562
1,124,549
1,461,781
1,429,158
1,592.6613785881443,337.01586423556716
2,640.0616936050603,509.9794354649799
1,620,422
1,332.98413576443284,89.33862141185573
2,364.9383063949396,641.9794354649799
2,245.86882826979974,391.43441413489984
1,171,408
1,369,72
1,558.9841357644328,21.66137858814428
1,249,187
2,453.78382520093044,260.2029512055826
2,733.8079208673709,276.5
2,177.75266255988078,692.9946748802384
1,78,671
1,152,352
1,537,653
1,568,573
2,216.960419645597,349.9406294683955
1,62,407
1,67,80
1,753,364
1,395,186
2,781.2763859782903,513.9211087826322
2,338.72920396023716,159.03480924055333
1,790,569
2,467.9406294683955,759.960419645597
2,558.0,209.58541961740247
2,199.86882826979974,450.43441413489984
2,521.0616936050603,784.0205645350201
2,69.848184045548,224.5433759869863
2,131.88679717268366,483.3320783036102
1,480,35
1,61,51
2,291.07889121736775,202.27638597829028
1,214,241
2,47.48390919744942,312.17739386836706
2,760.2161747990696,373.2029512055826
2,339.57821038135404,604.4413422139845
1,451,5
2,652.0659306716411,574.0131861343282
1,0,351
2,616.3320783036102,636.8867971726837
1,759.5202562520134,170.03038437802
2,549.960419645597,107.94062946839551
1,529,690
2,423.0616936050604,373.0205645350201
2,137.86635099380516,237.13364900619484
2,38.468744012950246,66.86249281554029
1,420.98413576443284,294.66137858814426
1,124,681
2,157.53125598704975,635.1375071844597
1,241,719
1,121,106
2,371.2903687135208,127.70963128647918
2,715.7970487944174,553.7838252009304
1,627,153
2,768.3974312952988,707.5146526721002
2,406.92110878263225,490.27638597829025
2,286.44134221398446,217.57821038135404
1,434,695
2,166.20295120558262,795.2161747990696
2,72.51609080255058,608.8226061316329
2,70.1434102658978,278.5
2,367.19207913262915,589.5
1,399,352
2,557.1773938683671,727.5160908025506
2,332.07889121736775,744.2763859782903
2,485.7096312864792,44.70963128647917
2,191.13364900619484,739.8663509938052
2,38.07889121736778,338.27638597829025
2,114.79704879441738,320.78382520093044
2,81.96519075944666,585.7292039602371
2,667.7970487944174,182.21617479906956
2,594.3974312952988,561.5146526721002
1,512,25
2,375.3974312952989,59.48534732789984
1,774,276
2,323.8743783636182,108.99751345447275
1,219,738
1,172,655
1,750.1285658665038,424.0
2,113.46874401295025,385.8624928155403
1,348,108
1,352,708
1,511,717
2,580.9651907594466,97.72920396023714
1,678,8
2,479.03480924055333,323.72920396023716
1,662,589
2,215.99297691098621,703.2971907643945
1,727,625
2,364.78382520093044,520.7970487944174
1,430,25
1,608,437
2,498.3320783036102,711.8867971726837
1,221,412
1,557,502
2,478.43441413489984,11.868828269799733
1,151.2828045430824,25.282804543082392
1,70,662
1,20,470
2,201.32327360097773,673.9698208029332
2,685.1920791326291,755.5
2,510.51465267210017,501.3974312952989
1,784,204
2,648.9211087826322,560.7236140217097
1,388.03038437802,292.5202562520133
1,244,587
2,582.8624928155403,472.53125598704975
2,515.578210381354,144.55865778601552
2,466.27079603976284,505.96519075944667
1,797,397
2,111.48534732789983,272.6025687047011
1,488,300
1,145,452
1,596,209
2,327.99751345447277,29.874378363618188
2,235.0593705316045,92.03958035440299
1,490,204
2,411.5160908025506,59.17739386836705
1,531,560
1,318,402
2,76.94062946839551,194.039580354403
2,44.667921696389804,671.1132028273163
2,182.51465267210017,538.6025687047012
2,391.4580795534061,119.41615910681219
1,33,541
2,608.9357420730515,272.0
1,42,252
1,118,399
1,666,358
2,111.72361402170972,332.07889121736775
2,424.72361402170975,683.0788912173678
2,277.88679717268366,321.3320783036102
2,433.58541961740247,339.0
1,251,69
1,306,151
2,191.0,331.93574207305153
1,266,109
2,101.51465267210017,286.6025687047011
2,392.21617479906956,434.2029512055826
2,374.00532511976155,150.75266255988078
1,195,583
1,609,203
1,6,712
2,441.6767263990223,651.0301791970668
1,760,587
1,734.9337154512277,348.28314227438614
2,157.5,459.9828567724844
1,437,310
2,650.6767263990223,218.96982080293319
2,661.9211087826322,669.7236140217097
1,282,66
1,596,283
2,231.48534732789983,488.6025687047011
2,13.297190764394482,7.99297691098621
2,136.0467439886798,435.0467439886798
2,183.27079603976284,429.03480924055333
2,653.2029512055826,159.78382520093044
2,441.9532560113202,93.9532560113202
2,166.17739386836706,642.4839091974494
1,229,515
1,575,633
2,336.00532511976155,734.7526625598808
1,321,613
2,466.0467439886798,353.0467439886798
2,742.3232736009777,119.03017919706683
2,726.8624928155403,744.5312559870498
2,348.5433759869863,786.151815954452
2,188.5,447.8565897341022
1,701,635
1,494,732
1,85,1
1,739,786
2,207.60256870470113,572.4853473278998
1,310,308
2,244.6679216963898,273.11320282731634
1,750,672
2,486.96982080293316,745.3232736009777
2,426.5838408931878,501.5419204465939
2,683.9383063949397,107.97943546497989
1,711,689
1,1,751
2,698.5433759869862,392.848184045548
2,189.32327360097773,693.9698208029332
2,153.29036871352082,148.70963128647918
2,766.5666867277582,61.43331327224173
2,673.0,51.25558251060804
1,477,302
2,455.5419204465939,430.5838408931878
1,410,33
1,22,536
2,711.0348092405534,519.2707960397629
2,38.48534732789984,513.6025687047012
2,556.2903687135208,335.7096312864792
1,794,148
2,80.5,783.5977629766926
2,114.78382520093044,680.7970487944174
1,354,556
1,55,450
1,465.28280454308236,727.7171954569176
2,100.4580795534061,576.4161591068122
1,468,406
2,708.0301791970668,335.3232736009777
2,613.4161591068122,52.458079553406094
2,541.4161591068122,204.5419204465939
1,140,101
1,401,421
1,722,382
2,657.9651907594466,794.2707960397629
1,138.7171954569176,328.28280454308236
2,662.4333132722418,520.4333132722418
2,703.5732633605008,512.4267366394992
2,715.5732633605008,786.4267366394992
2,266.2971907643945,124.00702308901379
1,253,664
2,741.5666867277582,225.56668672775825
2,302.27079603976284,32.034809240553344
1,212,731
2,344.56558586510016,343.13117173020026
1,269,775
2,588.4687440129502,606.1375071844597
2,376.92110878263225,228.27638597829028
2,431.21617479906956,359.7970487944174
1,623,180
2,393.7970487944174,82.78382520093044
2,58.79704879441738,677.7838252009304
2,497.8743783636182,744.0024865455273
2,196.21617479906956,352.2029512055826
1,701,207
2,477.0,124.58541961740248
2,765.5666867277582,29.433313272241737
2,49.41615910681218,161.5419204465939
2,545.1256216363818,289.00248654552723
1,126.28314227438614,381.0662845487723
2,7.270796039762854,635.0348092405534
2,378.1256216363818,363.99751345447277
1,726,524
2,3.005325119761575,112.24733744011921
1,642,290
1,132,413
1,423,633
1,10.871434133496269,659.0
2,476.92110878263225,640.2763859782903
1,694.6613785881443,46.015864235567165
2,150.21617479906956,86.79704879441738
1,578,152
2,338.88679717268366,767.6679216963898
1,337,5
1,501,14
2,788.3232736009777,510.96982080293316
1,293,424
1,39,704
2,769.960419645597,188.9406294683955
1,186,250
2,156.03017919706681,425.6767263990223
2,7.566686727758263,695.4333132722418
1,581,445
1,546,446
2,445.0,182.06425792694847
1,195,308
1,713,0
2,302.80792086737085,762.5
2,168.9406294683955,503.039580354403
1,411.71719545691764,102.71719545691761
1,318,790
2,266.86882826979974,29.434414134899868
2,97.27079603976286,735.0348092405534
2,112.0467439886798,702.0467439886797
2,405.6679216963898,549.8867971726837
2,233.4580795534061,778.4161591068122
1,480,708
1,266,204
1,383,167
2,27.514652672100162,364.3974312952989
1,304,597
2,467.2971907643945,681.0070230890138
1,640,757
2,167.44134221398448,732.578210381354
1,466,36
2,680.6767263990223,294.96982080293316
2,577.7838252009304,263.2029512055826
1,179,122
2,633.1375071844597,209.53125598704975
1,207,176
1,283,720
2,213.82260613163294,514.5160908025506
2,96.0,5.585419617402479
2,35.60256870470114,726.5146526721002
1,183,487
2,610.0,378.41458038259753
2,188.86882826979974,557.5655858651002
2,746.9532560113203,9.95325601132021
1,14,122
2,599.848184045548,53.456624013013716
1,610,555
2,705.421789618646,227.55865778601552
1,73,142
2,350.98681386567176,217.93406932835887
1,57,755
2,42.43331327224173,767.4333132722418
1,422.71685772561386,458.9337154512277
2,424.7096312864792,437.2903687135208
1,0,653
1,380,652
1,627,746
1,726,283
2,608.2763859782903,742.0788912173678
1,765,216
1,608,263
1,533,548
1,539,40
1,70,315
1,549,547
2,452.5419204465939,590.4161591068122
2,430.82260613163294,413.5160908025506
1,1,203
2,221.0171432275156,591.5
1,506,98
1,211.0,37.128565866503735
1,677,342
1,357,333
1,301,212
1,647,775
1,799,225
2,613.0659306716411,719.0131861343282
2,688.8079208673709,271.5
2,740.0053251197616,396.2473374401192
2,9.874378363618188,574.0024865455273
1,314,64
1,25,415
2,734.8226061316329,642.4839091974494
2,530.1132028273163,445.3320783036102
2,515.9532560113203,585.0467439886797
1,314,372
2,216.99467488023842,372.2473374401192
1,23,297
1,22.01586423556716,376.66137858814426
2,675.7292039602371,238.96519075944667
2,289.17739386836706,603.5160908025506
2,436.6767263990223,584.0301791970668
2,301.58541961740247,195.0
2,317.7970487944174,757.2161747990696
1,413.5202562520133,507.03038437802
2,302.03017919706684,125.32327360097773
1,689,400
1,66,742
2,287.78382520093044,541.2029512055826
1,130,114
2,175.2971907643945,224.00702308901379
2,680.2029512055826,44.21617479906956
2,629.421789618646,334.44134221398446
1,116.33862141185573,609.9841357644328
1,683,720
2,80.5419204465939,172.4161591068122
1,772,483
2,167.48390919744944,172.82260613163294
2,346.8624928155403,499.53125598704975
1,551,180
2,604.9946748802384,429.2473374401192
1,352,427
1,581,313
1,557,387
1,164,330
1,795,263
2,408.5,124.19207913262917
2,469.42178961864596,471.44134221398446
2,460.2971907643945,158.00702308901379
2,506.0171432275156,81.5
2,228.58541961740247,136.0
2,168.12562163638182,132.00248654552723
2,277.21617479906956,101.79704879441738
2,94.45662401301371,673.848184045548
2,302.1256216363818,57.00248654552725
1,299,452
1,54,170
2,763.7292039602371,782.0348092405534
1,303,396
2,366.51465267210017,630.6025687047012
2,226.960419645597,298.9406294683955
2,110.27079603976286,627.9651907594466
1,17,157
1,736,797
2,511.5,205.59776297669254
2,154.25558251060804,589.0
2,314.5160908025506,324.82260613163294
2,119.86249281554029,232.53125598704975
2,367.7028092356055,216.99297691098621
1,52,245
1,327,598
2,654.5433759869862,75.151815954452
1,25.0,747.1285658665038
2,52.017143227515604,502.5
2,151.2971907643945,269.0070230890138
2,229.00248654552723,142.87437836361818
2,127.57326336050082,164.57326336050082
2,24.020564535020117,165.93830639493964
2,708.7526625598808,429.00532511976155
2,160.99467488023842,293.2473374401192
2,625.8226061316329,574.4839091974494
1,530,715
2,166.03017919706681,311.3232736009777
2,219.9532560113202,622.0467439886797
2,411.5,226.8565897341022
2,405.03017919706684,249.32327360097773
2,611.9651907594466,330.72920396023716
1,396,525
2,753.9946748802384,73.75266255988079
1,481,150
2,169.60256870470113,27.514652672100162
2,332.9532560113202,55.95325601132021
1,562.2828045430824,451.28280454308236
1,33,413
1,34.5,83.70648111421062
1,480,700
2,27.979435464979883,618.9383063949397
1,641.9841357644328,740.3386214118557
1,798,94
2,489.99467488023845,773.7526625598808
1,434,134
2,235.42673663949918,459.4267366394992
2,690.7444174893919,437.0
2,650.9651907594466,686.2707960397629
2,353.2971907643945,372.0070230890138
2,123.27079603976286,538.9651907594466
1,679,651
1,765,452
1,646.2828045430824,319.71719545691764
1,578,664
2,580.4267366394992,87.42673663949918
1,381,709
1,798,389
2,134.03017919706681,66.67672639902227
2,455.1256216363818,112.99751345447275
2,265.5838408931878,238.4580795534061
2,186.039580354403,761.9406294683955
2,468.27079603976284,278.03480924055333
1,639.03038437802,498.5202562520133
1,537.9337154512277,436.28314227438614
1,523,173
1,84,414
1,731.5,371.70648111421065
1,328,191
1,179,509
1,308,469
1,238,67
2,130.87437836361818,294.00248654552723
2,698.960419645597,310.9406294683955
2,78.59776297669255,430.5
2,147.78382520093044,248.79704879441738
2,118.67672639902227,8.030179197066829
1,28,173
1,585,655
1,797,177
2,745.4267366394992,181.42673663949918
1,89,579
1,192,494
2,703.7096312864792,181.70963128647918
1,276,452
1,450,482
2,377.00532511976155,99.75266255988079
1,757.9671151042036,285.5
1,261,291
2,589.5,142.59776297669254
2,55.061693605060356,224.97943546497987
1,665.03038437802,450.4797437479867
1,725.5,17.70648111421062
2,178.25558251060804,294.0
2,386.4580795534061,233.4161591068122
1,595.9671151042036,623.5
2,696.9946748802384,600.2473374401192
1,775,19
1,42,651
1,530,304
1,270,442
2,471.99751345447277,120.87437836361819
2,593.1773938683671,158.51609080255056
1,662,113
2,709.0593705316045,122.03958035440299
1,203.5,251.96711510420354
1,589,554
1,572,653
1,494,633
2,346.27638597829025,235.07889121736778
1,177,336
1,616,461
2,719.7096312864792,613.2903687135208
1,358,665
2,65.05937053160449,201.960419645597
2,591.1375071844597,389.46874401295025
1,12,456
2,196.0467439886798,707.9532560113203
2,186.8624928155403,102.53125598704975
1,579,792
1,607,393
2,767.6025687047012,498.48534732789983
1,12,299
1,525,536
1,538,367
2,71.53125598704975,11.137507184459702
1,695,415
1,618,476
1,704,677
2,307.21617479906956,354.7970487944174
2,106.07889121736778,428.27638597829025
1,348,191
1,712,419
2,658.5146526721002,415.6025687047011
2,724.5312559870498,770.8624928155403
1,232,415
2,739.0,453.58541961740247
2,219.59776297669254,560.5
1,166,384
2,253.8624928155403,700.4687440129502
1,551,469
1,382,629
2,286.0659306716411,748.0131861343282
1,157,201
1,682,787
1,348,59
1,269,59
1,389,691
1,326,685
2,770.1311717302003,229.56558586510013
1,663,149
2,18.297190764394482,206.00702308901379
2,93.75266255988079,365.00532511976155
2,54.21617479906956,482.7970487944174
2,388.27638597829025,492.92110878263225
2,350.74441748939194,586.0
1,285,773
1,318,532
1,490,481
2,195.55865778601552,186.42178961864596
2,393.9929769109862,47.702809235605514
2,467.74441748939194,661.0
1,570.2935188857894,249.5
2,539.5,689.8079208673709
1,304,227
2,529.9868138656718,8.065930671641127
1,524,139
1,518,454
1,797,601
1,3,225
2,630.5433759869862,688.151815954452
2,713.0053251197616,502.2473374401192
2,596.6679216963898,182.11320282731634
2,594.8663509938052,672.8663509938052
1,338.98413576443284,219.3386214118557
2,220.00532511976158,171.24733744011922
2,468.72361402170975,790.9211087826322
1,425,723
2,96.45662401301371,541.151815954452
1,746,63
2,327.44134221398446,556.578210381354
1,733,331
2,759.541920446594,139.5838408931878
2,23.433313272241737,204.43331327224175
1,439,150
1,506,69
2,90.21617479906956,649.2029512055826
2,149.51465267210017,485.3974312952989
1,15,265
2,488.9532560113202,618.9532560113203
2,648.458079553406,352.5838408931878
1,358.98413576443284,82.66137858814427
2,580.4161591068122,183.5419204465939
1,232,436
1,281,787
1,747,513
2,390.848184045548,453.5433759869863
2,703.4145803825975,542.0
2,417.3320783036102,356.11320282731634
2,223.98681386567176,231.93406932835887
2,36.42178961864596,749.5586577860155
2,263.53125598704975,76.13750718445971
1,195,374
2,738.2971907643945,362.0070230890138
2,64.48534732789983,304.6025687047011
2,523.9340693283589,420.98681386567176
1,141,541
2,76.19207913262917,789.5
1,595,467
2,637.0,666.7444174893919
1,762,757
2,440.88679717268366,58.667921696389804
2,125.99751345447275,201.87437836361818
1,379,27
1,9,233
2,425.1256216363818,553.0024865455273
2,268.0593705316045,461.039580354403
1,699,408
1,780,166
1,557,284
1,408,3
1,396,715
2,149.27638597829028,739.0788912173678
2,684.2161747990696,499.7970487944174
1,334,571
2,442.4566240130137,665.151815954452
1,98,171
2,272.4161591068122,290.5419204465939
2,222.86882826979974,29.434414134899868
2,621.9211087826322,487.27638597829025
2,251.99297691098621,216.2971907643945
1,593.9337154512277,686.7168577256139
2,474.4161591068122,763.541920446594
2,391.78382520093044,206.79704879441738
2,184.40223702330746,65.5
1,106,56
1,508,569
2,259.5838408931878,8.54192044659391
2,340.6025687047011,39.48534732789984
2,538.9651907594466,794.2707960397629
2,43.67672639902228,365.96982080293316
1,655,642
1,372,12
2,645.7236140217097,624.0788912173678
1,402,457
1,288,277
2,539.5732633605008,383.5732633605008
1,32,393
1,497.28280454308236,570.2828045430824
2,518.4687440129502,249.1375071844597
1,399,26
2,475.0070230890138,425.7028092356055
1,194,651
1,414,40
2,388.57821038135404,674.5586577860155
1,738,22
2,527.9868138656718,89.06593067164113
1,425,388
2,206.0467439886798,47.95325601132021
2,127.01318613432822,259.0659306716411
1,290,593
1,283.71719545691764,500.28280454308236
2,405.4566240130137,394.848184045548
1,422,237
1,623,620
2,494.3974312952989,407.51465267210017
2,181.0467439886798,47.04674398867979
2,133.53125598704975,201.8624928155403
2,572.0788912173678,497.27638597829025
1,635,361
1,462.9337154512277,706.2831422743861
1,415,49
1,457,413
2,133.4161591068122,693.458079553406
1,90.12856586650373,488.0
2,341.1375071844597,727.5312559870498
2,197.42178961864596,147.55865778601552
1,303,373
2,351.3320783036102,319.88679717268366
1,458,402
1,509.71719545691764,635.7171954569176
1,520,7
1,719,456
2,13.667921696389804,776.8867971726837
1,573,192
1,32,488
2,97.06169360506036,468.9794354649799
1,407,337
1,588.0158642355672,457.66137858814426
1,222,361
2,691.0467439886797,248.0467439886798
1,556,534
2,135.48534732789983,15.397431295298862
1,420,25
2,707.5146526721002,132.39743129529887
2,565.9929769109862,54.297190764394486
2,296.07889121736775,318.72361402170975
1,33,256
1,521,615
2,600.0053251197616,633.7526625598808
2,474.82260613163294,291.4839091974494
1,366,549
1,618.0,25.12856586650373
2,574.9946748802384,291.2473374401192
1,94,451
2,712.0301791970668,754.6767263990223
1,672,212
2,431.7096312864792,565.7096312864792
2,385.848184045548,505.5433759869863
2,758.2707960397629,297.96519075944667
1,725,799
2,487.0467439886798,109.0467439886798
2,477.86882826979974,530.5655858651002
1,662,366
2,559.1311717302003,431.43441413489984
2,420.0,790.2555825106081
1,337,480
1,14,42
1,137,514
2,377.3232736009777,421.96982080293316
2,713.6767263990223,484.03017919706684
2,606.9406294683955,74.03958035440299
1,774,337
2,717.0070230890138,196.2971907643945
2,500.6025687047011,50.48534732789984
1,766,93
2,170.12562163638182,679.9975134544727
2,372.44134221398446,532.421789618646
2,794.5,210.59776297669254
1,290,151
2,148.06593067164113,6.986813865671775
1,144.28314227438614,584.0662845487723
2,631.7970487944174,438.21617479906956
1,468,775
1,47.644617387260396,660.3553826127396
2,699.5732633605008,367.4267366394992
2,547.8743783636182,478.00248654552723
2,322.9532560113202,662.0467439886797
2,100.11320282731634,531.3320783036102
1,247,306
1,557,611
1,478,161
1,573,313
2,317.7028092356055,721.0070230890138
1,783.96961562198,228.47974374798667
1,373,326
2,488.48534732789983,709.3974312952988
1,28,647
2,170.39743129529887,776.4853473278998
1,235,504
2,583.4853473278998,67.39743129529886
2,526.0616936050603,394.0205645350201
2,689.7526625598808,783.0053251197616
2,421.00532511976155,756.2473374401192
1,200,615
2,610.0070230890138,596.2971907643945
1,160,413
2,212.88679717268366,496.3320783036102
2,199.0593705316045,275.960419645597
2,611.9532560113203,96.0467439886798
2,175.57326336050082,715.5732633605008
2,389.03017919706684,664.6767263990223
2,242.4566240130137,180.848184045548
1,307,455
1,98,402
2,772.9929769109862,111.70280923560551
1,86,686
2,282.21617479906956,191.79704879441738
1,362,793
2,308.6025687047011,684.5146526721002
2,29.323273600977725,692.0301791970668
1,573,169
2,753.458079553406,332.5838408931878
2,732.0024865455273,318.1256216363818
2,687.3232736009777,523.9698208029332
1,765,733
2,397.74441748939194,725.0
1,359,113
2,787.0024865455273,79.87437836361819
1,55,276
2,718.9211087826322,220.27638597829028
2,313.9340693283589,279.01318613432824
1,428,146
1,283.3553826127396,338.3553826127396
2,494.72361402170975,343.92110878263225
1,1,536
1,698.8714341334962,256.0
1,12,332
1,200,748
2,785.1256216363818,745.0024865455273
2,722.7028092356055,471.0070230890138
2,495.6679216963898,767.8867971726837
1,64,163
1,387,703
1,174,252
1,0,46
1,671.5202562520134,686.03038437802
2,796.2707960397629,18.96519075944666
2,85.848184045548,125.45662401301371
1,181,27
2,114.39743129529886,750.5146526721002
1,122,352
2,312.21617479906956,184.79704879441738
1,139.98413576443284,675.3386214118557
1,683,0
2,453.5160908025506,145.17739386836706
2,250.11320282731634,242.3320783036102
1,642,85
1,378,604
2,167.5,342.1434102658978
1,11,285
2,394.5,273.1434102658978
2,391.9340693283589,462.98681386567176
1,285,77
2,412.2029512055826,572.7838252009304
2,112.00248654552725,341.8743783636182
1,471,267
1,3,768
2,41.93406932835887,637.9868138656718
1,318.66137858814426,156.98413576443284
2,596.1132028273163,607.3320783036102
2,742.7236140217097,551.0788912173678
2,205.60256870470113,290.48534732789983
1,197.29351888578938,216.5
1,348.70648111421065,638.5
2,571.8867971726837,548.6679216963898
2,248.00248654552723,32.12562163638181
2,445.0,216.41458038259753
1,674,509
1,697,479
1,326,379
2,331.42178961864596,790.5586577860155
2,153.82260613163294,137.48390919744944
2,723.2763859782903,583.9211087826322
1,112,250
1,790,284
1,626.0158642355672,488.33862141185574
2,630.4161591068122,258.4580795534061
2,388.4267366394992,555.5732633605008
1,691.9337154512277,668.2831422743861
1,487.9671151042036,330.5
2,430.2903687135208,615.2903687135208
2,800.7236140217097,352.07889121736775
1,122,496
2,4.676726399022276,477.96982080293316
2,6.005325119761575,494.7526625598808
2,89.72920396023714,214.96519075944667
2,741.0,696.2555825106081
1,512,468
1,760,349
2,717.9929769109862,166.7028092356055
1,589,198
1,699.6446173872604,723.6446173872604
1,331,720
1,426.8714341334963,121.0
2,684.4413422139845,705.578210381354
2,50.667921696389804,321.11320282731634
1,449,741
1,302,293
1,435,777
2,112.06593067164113,702.0131861343282
1,251.98413576443284,198.3386214118557
1,580,117
2,715.0070230890138,311.7028092356055
1,586,11
1,234.98413576443284,650.6613785881443
1,166,219
2,761.5,681.8079208673709
1,713,76
2,253.8624928155403,776.5312559870498
2,19.531255987049754,720.8624928155403
2,282.21617479906956,242.20295120558262
2,19.125621636381812,139.99751345447277
2,473.5,83.9828567724844
2,236.93406932835887,284.01318613432824
1,713,11
1,275,387
2,542.6025687047012,764.5146526721002
1,148.03038437802,386.4797437479867
2,357.92110878263225,451.27638597829025
2,216.99751345447277,5.874378363618189
2,474.960419645597,230.0593705316045
2,791.0053251197616,428.7526625598808
1,519,770
2,101.58541961740248,645.0
2,185.5,17.192079132629175
2,413.0659306716411,308.01318613432824
1,420.6446173872604,668.6446173872604
2,507.3232736009777,673.9698208029332
1,688,548
2,525.7096312864792,583.7096312864792
1,671,201
2,761.2707960397629,117.03480924055334
1,158,338
1,747,379
2,460.00248654552723,234.12562163638182
2,67.5,469.40223702330746
2,282.9532560113202,699.9532560113203
1,76,40
2,67.42673663949918,257.5732633605008
1,122.71685772561386,566.9337154512277
2,199.5433759869863,499.151815954452
2,33.82260613163295,802.4839091974494
2,312.57821038135404,565.4413422139845
1,797,156
2,306.7526625598808,672.0053251197616
1,143,471
1,708,456
2,716.1256216363818,50.99751345447275
2,651.5666867277582,138.43331327224175
2,422.4267366394992,163.42673663949918
2,383.5,215.19207913262917
2,71.57821038135404,346.55865778601554
1,777,261
1,650.7171954569176,653.2828045430824
1,86.6446173872604,292.3553826127396
1,141,605
2,495.56558586510016,397.13117173020026
1,504,302
2,211.86635099380516,95.86635099380517
2,283.00248654552723,359.8743783636182
2,169.0593705316045,87.96041964559701
1,558,396
1,239,247
1,288.3553826127396,554.3553826127396
2,200.72361402170972,191.92110878263222
1,224.0,542.8714341334962
1,124,69
2,19.078891217367783,679.2763859782903
2,56.72920396023714,700.0348092405534
2,188.5,84.8565897341022
1,280,637
2,340.01318613432824,273.0659306716411
1,688,157
2,443.848184045548,513.5433759869862
1,679,157
1,495,6
1,382,137
2,607.0070230890138,303.2971907643945
2,560.3232736009777,660.9698208029332
1,50,258
1,49,142
2,709.7236140217097,348.07889121736775
2,5.456624013013713,618.848184045548
2,390.99467488023845,311.2473374401192
1,778.2831422743861,701.9337154512277
1,200.29351888578938,393.5
2,506.96982080293316,233.67672639902227
2,73.20295120558262,648.2161747990696
1,490,601
1,44,206
2,55.42178961864596,390.55865778601554
2,315.0659306716411,708.0131861343282
2,749.0348092405534,729.2707960397629
2,302.86882826979974,797.4344141348998
1,657,283
1,547,628
1,230,407
2,310.96519075944667,135.27079603976284
2,372.86635099380516,467.86635099380516
2,641.578210381354,409.44134221398446
2,648.4161591068122,276.5419204465939
1,66,765
1,615.5,351.70648111421065
2,430.5433759869863,525.151815954452
2,625.2971907643945,72.00702308901379
1,238,335
1,249,448
1,87,458
1,205,119
2,97.27638597829028,207.07889121736778
2,45.702809235605514,192.99297691098621
1,563,781
2,487.99751345447277,434.8743783636182
1,433.0328848957964,291.5
2,473.01318613432824,715.0659306716411
1,101,455
2,188.70963128647918,671.2903687135208
1,575,0
1,240,597
2,134.00248654552723,797.8743783636182
2,155.42673663949918,548.5732633605008
1,207.03038437802,786.4797437479866
2,354.96982080293316,748.3232736009777
1,713.03038437802,205.47974374798667
1,722,533
2,635.5854196174025,684.0
1,166,451
2,750.2473374401192,491.00532511976155
1,274,364
1,520,482
2,786.5586577860155,791.421789618646
1,442,161
1,570,411
1,617.96961562198,782.4797437479866
2,50.57326336050081,635.5732633605008
1,600,476
1,631,547
1,135,468
2,474.27079603976284,47.034809240553344
1,219,182
1,365,491
1,306,383
2,276.5,110.80792086737083
1,415,444
2,757.8743783636182,573.9975134544727
1,87,443
1,298.9337154512277,669.7168577256139
1,553,590
2,366.51465267210017,424.3974312952989
2,536.0,179.06425792694847
2,747.5,768.4022370233074
2,597.3974312952988,710.5146526721002
1,783,436
2,672.4344141348998,121.13117173020026
2,530.6679216963898,314.11320282731634
1,161.01586423556716,422.33862141185574
2,432.1256216363818,71.99751345447275
2,285.2971907643945,674.9929769109862
1,639,549
2,235.99751345447277,423.1256216363818
1,83,743
1,458,252
1,86,338
2,220.55865778601552,70.42178961864596
2,537.2903687135208,504.2903687135208
2,556.421789618646,459.44134221398446
1,80.71685772561386,104.93371545122773
1,199.03288489579646,154.5
2,301.848184045548,634.5433759869862
2,121.3320783036102,169.88679717268366
2,409.92110878263225,670.7236140217097
1,278,592
2,315.3232736009777,217.96982080293319
1,402,691
2,276.92110878263225,683.7236140217097
1,605,541
1,41,566
1,794,241
1,355.28280454308236,128.2828045430824
1,442,245
1,321,491
2,491.03480924055333,465.72920396023716
1,612,146
2,602.5586577860155,255.42178961864596
2,351.41458038259753,19.0
2,461.0467439886798,218.0467439886798
2,692.7028092356055,99.99297691098621
1,307,648
2,590.9828567724844,254.5
1,421,228
1,151,518
2,364.00532511976155,438.2473374401192
1,333,691
1,518,712
2,435.9340693283589,324.98681386567176
2,787.9340693283589,695.0131861343282
1,259.03038437802,326.5202562520133
2,20.468744012950246,65.86249281554029
1,434,739
2,372.27638597829025,798.0788912173678
1,369,389
1,348,483
2,80.48534732789983,134.60256870470113
2,599.8743783636182,299.00248654552723
2,783.2473374401192,137.00532511976158
2,223.0467439886798,190.9532560113202
1,285,427
1,528,275
2,27.676726399022275,430.03017919706684
2,767.1256216363818,150.99751345447277
1,603.2828045430824,1.7171954569176084
2,673.0788912173678,288.27638597829025
2,495.151815954452,144.4566240130137
2,507.46874401295025,500.1375071844597
2,301.96982080293316,175.67672639902227
2,254.8624928155403,652.4687440129502
2,238.60256870470113,653.4853473278998
2,106.05937053160449,148.960419645597
2,55.72920396023714,577.0348092405534
2,353.3320783036102,533.1132028273163
2,652.0,294.25558251060806
2,717.0659306716411,108.98681386567178
2,788.5433759869862,724.151815954452
2,547.9651907594466,406.72920396023716
2,77.00532511976158,350.7526625598808
2,313.4566240130137,510.151815954452
2,530.7970487944174,336.21617479906956
2,381.99751345447277,42.87437836361819
2,491.7028092356055,97.00702308901379
1,128,185
2,122.03958035440299,521.9406294683955
2,536.6025687047012,588.5146526721002
1,741,409
1,520,39
1,325,589
1,554,782
2,255.03480924055333,706.7292039602371
1,659,703
1,489,221
2,742.8743783636182,719.0024865455273
2,28.41458038259752,457.0
2,661.4853473278998,52.60256870470114
2,773.3232736009777,359.96982080293316
1,450.5202562520133,440.03038437802
1,302,491
2,450.7028092356055,520.0070230890138
2,56.21617479906956,17.20295120558262
1,5.0,185.87143413349628
1,774.96961562198,515.4797437479866
2,719.5732633605008,244.57326336050082
2,386.07889121736775,239.72361402170972
2,588.5586577860155,23.42178961864596
2,760.7444174893919,745.0
1,271,299
2,493.0,36.74441748939196
2,283.3974312952989,735.5146526721002
1,190,121
2,459.96982080293316,460.6767263990223
1,658.2831422743861,466.9337154512277
2,180.48534732789983,524.3974312952988
2,772.4839091974494,552.1773938683671
1,575,525
1,498,420
2,575.8624928155403,331.46874401295025
1,161,518
2,57.543375986986284,650.848184045548
2,538.2971907643945,128.00702308901379
2,466.44134221398446,366.42178961864596
2,445.00532511976155,302.2473374401192
1,17.5,104.70648111421062
2,10.441342213984472,796.578210381354
2,419.7028092356055,586.0070230890138
2,446.039580354403,565.0593705316045
1,756,401
2,463.0,339.93574207305153
2,57.97943546497988,523.0616936050603
1,45,236
1,501,318
2,91.86249281554029,197.46874401295025
2,400.3974312952989,595.5146526721002
1,40,389
2,660.1256216363818,73.00248654552725
2,100.78382520093044,20.79704879441738
1,416.0662845487723,735.2831422743861
2,170.4566240130137,613.151815954452
2,42.935742073051514,37.0
2,335.25558251060806,153.0
2,637.7970487944174,786.2161747990696
2,28.729203960237147,40.965190759446656
1,261,617
2,54.456624013013716,610.848184045548
1,383,582
1,737,40
2,209.2971907643945,13.99297691098621
1,592.7064811142106,739.5
2,265.99467488023845,336.2473374401192
1,382.4797437479867,405.96961562198
2,442.5,723.9828567724844
2,684.5732633605008,101.57326336050082
2,536.039580354403,471.9406294683955
2,774.4333132722418,773.5666867277582
2,638.5,306.0171432275156
1,748.0158642355672,470.33862141185574
1,220,326
1,276,614
2,365.01318613432824,48.93406932835887
2,184.88679717268366,172.3320783036102
2,350.56558586510016,407.86882826979974
2,695.1311717302003,162.56558586510013
1,465,434
1,409.5,364.70648111421065
2,42.24733744011921,609.9946748802384
1,664,309
2,580.5146526721002,375.3974312952989
1,635.0662845487723,187.28314227438614
2,459.2473374401192,548.9946748802384
2,686.3320783036102,210.88679717268366
2,249.01318613432824,606.0659306716411
1,662,719
1,581.0662845487723,575.2831422743861
1,731,213
2,315.6025687047011,697.5146526721002
2,303.9406294683955,243.039580354403
1,518,72
1,496,583
2,521.2707960397629,593.0348092405534
1,673,332
1,364,1
1,155,315
2,791.151815954452,558.5433759869862
2,509.53125598704975,259.8624928155403
2,563.3974312952988,134.51465267210017
2,614.0024865455273,84.87437836361819
1,111,410
1,40,168
1,282,369
2,445.8565897341022,106.5
1,477,25
2,510.6025687047011,383.51465267210017
1,354,468
1,784,37
2,536.0593705316045,331.960419645597
2,151.99467488023842,660.7526625598808
2,615.0,619.7444174893919
2,105.06593067164113,572.0131861343282
1,418,136
2,47.8624928155403,408.46874401295025
2,422.848184045548,262.5433759869863
2,20.55865778601553,559.578210381354
1,172,62
1,501,131
2,355.7526625598808,394.00532511976155
1,370,613
2,366.88679717268366,194.6679216963898
2,117.848184045548,741.5433759869862
2,542.8688282697997,599.5655858651002
2,244.99751345447277,237.87437836361818
1,644,767
2,785.3320783036102,119.88679717268366
2,231.42673663949918,61.57326336050081
1,578,565
2,33.456624013013716,28.151815954452005
1,255,477
2,640.7838252009304,149.79704879441738
1,200,128
2,271.01318613432824,33.93406932835887
2,176.48534732789983,720.3974312952988
2,99.60256870470114,313.48534732789983
2,14.397431295298862,245.48534732789983
2,684.7838252009304,24.79704879441738
1,153,529
2,549.0053251197616,134.75266255988078
2,441.0,752.2555825106081
2,386.00248654552723,9.125621636381812
2,709.458079553406,164.4161591068122
2,500.3232736009777,377.03017919706684
1,163.5,112.96711510420356
2,459.03480924055333,325.72920396023716
1,327,421
2,499.2473374401192,785.0053251197616
2,445.9406294683955,709.039580354403
2,371.03480924055333,687.7292039602371
1,357,548
1,666,380
2,268.27638597829025,643.9211087826322
1,24.33862141185572,608.0158642355672
2,317.48534732789983,584.6025687047012
1,515.7168577256139,730.0662845487723
2,233.99297691098621,798.2971907643945
2,56.151815954452005,365.5433759869863
2,730.7028092356055,481.9929769109862
2,72.96041964559701,576.9406294683955
2,788.8867971726837,579.6679216963898
2,424.42178961864596,35.44134221398447
1,670.7171954569176,251.2828045430824
2,406.1375071844597,268.53125598704975
2,453.98681386567176,353.0659306716411
2,331.5,543.5977629766926
1,653,452
2,721.9975134544727,171.12562163638182
1,583,336
1,729.9841357644328,687.3386214118557
2,283.99467488023845,621.7526625598808
1,208,748
2,465.86635099380516,717.8663509938052
2,61.24733744011921,534.0053251197616
1,688,689
2,338.9929769109862,357.7028092356055
1,696,676
1,761,534
1,549,688
2,560.2707960397629,628.0348092405534
1,647,637
2,468.9532560113202,507.0467439886798
2,478.0205645350201,608.0616936050603
2,257.151815954452,97.45662401301371
2,237.72361402170972,46.92110878263222
2,517.5854196174025,110.0
2,785.0593705316045,349.039580354403
1,343.5,415.0328848957964
